6666660000000000000000000660000000000066666660000000000000000000660
6666660000000000000000000660000000000066666660000000000000000000660
6600660000000000000000000660000000000066000000000000000000000000660
6600660000000000000000000660000000000066000000660000000000000000660
6666660000000000000000000660000000000066666000660000000000000000660
6666660000000066000000000660000000000066666000000660000000000000660
6600000666666066666606666660666660000066000000660666666066666000660
6666000666666066666606666660666666600066000000660666666066666660660
6666600660066066006606600660660066600066000000660660066066006660660
6606600660066066006606600660660066600066000000660660066066006660660
6600660666666066006606666660666666600066000000660660066066666660660
6600660666666066006606666660666660600066000000660660066066660660660