01111111000000000000000000000000000009900000000006600000000000000000000
11111111000000000000000000000000000009900000000006600000000000000000000
11111111000000000000000000000000000009900000000006600000000000000000000
11100000000000000000000000000000000009900000000006600000000000000000000
11100000000000000000000000000000000009900000000006601100000000000000000
11100000000000000000000000000000000009900000000006601100000000000000000
11111110088000000000000000000000000009900000000006600008800000000000000
11111111088888888888800333333000999999900555555006601108888888009999990
01111111088888888888803333333309999999905555555506601108888888099999999
00000111088000880008803300003309900009905500005506601108800088099000099
00000111088000880008803333333309900009905555555506601108800088099000099
00000111088000880008803333333309900009905555555506601108800088099000099
11111111088000880008803300000009900009905500000006601108800088099000099
11111111088000880008803333333309999999905555555506601108800088099999999
11111110088000000008800333333000999999900555555006601108800088009999999
00000000000000000000000000000000000000000000000000000000000000000000099
00000000000000000000000000000000000000000000000000000000000000000000099
00000000000000000000000000000000000000000000000000000000000000099000099
00000000000000000000000000000000000000000000000000000000000000099999999
00000000000000000000000000000000000000000000000000000000000000009999990