1111110000000000000000000006000000004000000000000000
1111110000000000000000000006000000004000000000000000
1100000000000000000000000006000000004000000000000000
1100000000000000000000000006000000004010000000000000
1111110000000000000000000006000000004000000000000000
1111110555555502222220666666033333304010555550666666
0000110500500502000020600006030000304010500050600006
0000110500500502222220600006033333304010500050600006
1111110500500502000000600006030000004010500050600006
1111110500000502222220666666033333304010500050666666
0000000000000000000000000000000000000000000000000006
0000000000000000000000000000000000000000000000600006
0000000000000000000000000000000000000000000000666666